Transaction Date,Transaction Type,Merchant/Description,Debit/Credit,Balance
14/10/2015,DD,PAYPAL PAYMENT *C*******GSV* ,-10,94.89
12/10/2015,DD,EE & T-MOBILE Q***************** ,-50.53,104.89
12/10/2015,DD,SCOTTISH EQUITABLE ********/**/N   ** ,-16.12,155.42
09/10/2015,DD,PAYPAL PAYMENT *C*******GSV* ,-40,171.54
09/10/2015,DD,AVIVA LIFE *******UJ ,-38.85,211.54
08/10/2015,DD,AMNESTY INT UK *********-******** ,-3,250.39
07/10/2015,DD,SKY DIGITAL ************** ,-43,253.39
07/10/2015,DD,PAYPAL PAYMENT *C*******GSV* ,-4.5,296.39
05/10/2015,FPO,**********************************************,-75,300.89
05/10/2015,TFR,**************************,75,375.89
05/10/2015,TFR,**************************,-680,300.89
05/10/2015,DD,LDN BORO REDBRIDGE ******** ,-201,980.89
02/10/2015,DEP,******************,5,1181.89
02/10/2015,PAY,***************,-5,1176.89
02/10/2015,DD,PAYPAL PAYMENT *C*******GSV* ,-5.99,1181.89
02/10/2015,BGC,******************,683.2,1187.88
01/10/2015,FEE,ACCOUNT FEE,-17,504.68
01/10/2015,,,1.17,521.68
01/10/2015,,,0.93,520.51
01/10/2015,FPO,*********************************************,-363.43,519.58
01/10/2015,TFR,**************************,300,883.01
01/10/2015,DD,L&G UTM UT MI ********** ,-600,583.01
01/10/2015,DD,L&G UTM UT MI ********** ,-600,1183.01
01/10/2015,DD,FLINTSHIRE COUNTY **      ********* ,-115,1783.01
01/10/2015,DD,TESCO MOBILE ************A-**** ,-56.99,1898.01
01/10/2015,DD,THAMES WATER ********** ,-53.96,1955
01/10/2015,DD,VISION REDBRIDGE C ******MC**** ,-44,2008.96
01/10/2015,DD,DWR CYMRU W WATER ************ ,-43.25,2052.96
01/10/2015,DD,VISION REDBRIDGE C ***/A****/** ,-35,2096.21
01/10/2015,DD,TV LICENCE MBP ********** ,-12.12,2131.21
30/09/2015,DD,PAYPAL PAYMENT *C*******GSV* ,-22.99,2143.33
30/09/2015,DD,PAYPAL PAYMENT *C*******GSV* ,-15.99,2166.32
28/09/2015,DD,HFX HOME HHH********* -**** ,-30.78,2182.31
28/09/2015,SO,*************,-10,2213.09
28/09/2015,TFR,***********************************,16,2223.09
23/09/2015,DD,BT GROUP PLC GB********-****** ,-49.72,156.2
23/09/2015,DD,PAYPAL PAYMENT *C*******GSV* ,-22.99,205.92
21/09/2015,TFR,**************************,-2000,228.91
21/09/2015,DD,FIRST UTILITY *******A-*** ,-120,2228.91
21/09/2015,BGC,******************,1969.88,2348.91
,,,,
,,,,
,,,,
,,,,
,,,,
,,,,
,,,,
,,,,
,,,,
,,,,
,,,,
,,,,
,,,,
,,,,
,,,,
,,,,
,,,,
,,,,
,,,,
,,,,
,,,,
,,,,
,,,,
,,,,
,,,,
,,,,
,,,,
,,,,
,,,,
,,,,
,,,,
,,,,
,,,,
,,,,
,,,,
,,,,
,,,,
,,,,
,,,,
,,,,
,,,,
,,,,
,,,,
,,,,
,,,,
,,,,
,,,,
,,,,
,,,,
,,,,
,,,,
,,,,
,,,,
,,,,
,,,,
,,,,
,,,,
,,,,
,,,,
,,,,
,,,,
,,,,
,,,,
,,,,
,,,,
,,,,
,,,,
,,,,
,,,,
,,,,
,,,,
,,,,
,,,,
,,,,
,,,,
,,,,
,,,,
,,,,
,,,,
,,,,
,,,,
,,,,
,,,,
,,,,
,,,,
,,,,
,,,,
,,,,
,,,,
,,,,
,,,,
,,,,
,,,,
,,,,
,,,,
,,,,
,,,,
,,,,
,,,,
,,,,
,,,,
,,,,
,,,,
,,,,
,,,,
,,,,
,,,,
,,,,
,,,,
,,,,
,,,,
,,,,
,,,,
,,,,
,,,,
,,,,
,,,,
,,,,
,,,,
,,,,
,,,,
,,,,
,,,,
,,,,
,,,,
,,,,
,,,,
,,,,
,,,,
,,,,
,,,,
,,,,
,,,,
,,,,
,,,,
,,,,
,,,,
,,,,
,,,,
,,,,
,,,,
,,,,
,,,,
,,,,
,,,,
,,,,
,,,,
,,,,
,,,,
,,,,
,,,,
,,,,
,,,,
,,,,
,,,,
,,,,
,,,,
,,,,
,,,,
,,,,
,,,,
,,,,
,,,,
,,,,
,,,,
,,,,
,,,,
,,,,
,,,,
,,,,
,,,,
,,,,
,,,,
,,,,
,,,,
,,,,
,,,,
,,,,
,,,,
,,,,
,,,,
,,,,
,,,,
,,,,
,,,,
,,,,
,,,,
,,,,
,,,,
,,,,
,,,,
,,,,
,,,,
,,,,
,,,,
,,,,
,,,,
,,,,
,,,,
,,,,
,,,,
,,,,
,,,,
,,,,
,,,,
,,,,
,,,,
,,,,
,,,,
,,,,
,,,,
,,,,
,,,,
,,,,
,,,,
,,,,
,,,,
,,,,
,,,,
,,,,
,,,,
,,,,
,,,,
,,,,
,,,,
,,,,
,,,,
,,,,
,,,,
,,,,
,,,,
,,,,
,,,,
,,,,
,,,,
,,,,
,,,,
,,,,
,,,,
,,,,
,,,,
,,,,
,,,,
,,,,
,,,,
,,,,
,,,,
,,,,
,,,,
,,,,
,,,,
,,,,
,,,,
,,,,
,,,,
,,,,
,,,,
,,,,
,,,,
,,,,
,,,,
,,,,
,,,,
,,,,
,,,,
,,,,
,,,,
,,,,
,,,,
,,,,
,,,,
,,,,
,,,,
,,,,
,,,,
,,,,
,,,,
,,,,
,,,,
,,,,
,,,,
,,,,
,,,,
,,,,
,,,,
,,,,
,,,,
,,,,
,,,,
,,,,
,,,,
,,,,
,,,,
,,,,
,,,,
,,,,
,,,,
,,,,
,,,,
,,,,
,,,,
,,,,
,,,,
,,,,
,,,,
,,,,
,,,,
,,,,
,,,,
,,,,
,,,,
,,,,
,,,,
,,,,
,,,,
,,,,
,,,,
,,,,
,,,,
,,,,
,,,,
,,,,
,,,,
,,,,
,,,,
,,,,
,,,,
,,,,
,,,,
,,,,
,,,,
,,,,
,,,,
,,,,
,,,,
,,,,
,,,,
,,,,
,,,,
,,,,
,,,,
,,,,
,,,,
,,,,
,,,,
,,,,
,,,,
,,,,
,,,,
,,,,
,,,,
,,,,
,,,,
,,,,
,,,,
,,,,
,,,,
,,,,
,,,,
,,,,
,,,,
,,,,
,,,,
,,,,
,,,,
,,,,
,,,,
,,,,
,,,,
,,,,
,,,,
,,,,
,,,,
,,,,
,,,,
,,,,
,,,,
,,,,
,,,,
,,,,
,,,,
,,,,
,,,,
,,,,
,,,,
,,,,
,,,,
,,,,
,,,,
,,,,
,,,,
,,,,
,,,,
,,,,
,,,,
,,,,
,,,,
,,,,
,,,,
,,,,
,,,,
,,,,
,,,,
,,,,
,,,,
,,,,
,,,,
,,,,
,,,,
,,,,
,,,,
,,,,
,,,,
,,,,
,,,,
,,,,
,,,,
,,,,
,,,,
,,,,
,,,,
,,,,
,,,,
,,,,
,,,,
,,,,
,,,,
,,,,
,,,,
,,,,
,,,,
,,,,
,,,,
,,,,
,,,,
,,,,
,,,,
,,,,
,,,,
,,,,
,,,,
,,,,
,,,,
,,,,
,,,,
,,,,
,,,,
,,,,
,,,,
,,,,
,,,,
,,,,
,,,,
,,,,
,,,,
,,,,
,,,,
,,,,
,,,,
,,,,
,,,,
,,,,
,,,,
,,,,
,,,,
,,,,
,,,,
,,,,
,,,,
,,,,
,,,,
,,,,
,,,,
,,,,
,,,,
,,,,
,,,,
,,,,
,,,,
,,,,
,,,,
,,,,
,,,,
,,,,
,,,,
,,,,
,,,,
,,,,
,,,,
,,,,
,,,,
,,,,
,,,,
,,,,
,,,,
,,,,
,,,,
,,,,
,,,,
,,,,
,,,,
,,,,
,,,,
,,,,
,,,,
,,,,
,,,,
,,,,
,,,,
,,,,
,,,,
,,,,
,,,,
,,,,
,,,,
,,,,
,,,,
,,,,
,,,,
,,,,
,,,,
,,,,
,,,,
,,,,
,,,,
,,,,
,,,,
,,,,
,,,,
,,,,
,,,,
,,,,
,,,,
,,,,
,,,,
,,,,
,,,,
,,,,
,,,,
,,,,
,,,,
,,,,
,,,,
,,,,
,,,,
,,,,
,,,,
,,,,
,,,,
,,,,
,,,,
,,,,
,,,,
,,,,
,,,,
